421.643 407.583
303.949 172.986 200.474 254.344 0
291.311 255.134 197.314 313.586 0
287.362 323.855 190.205 368.088 0
283.412 394.155 185.466 424.961 0
279.463 463.665 185.466 479.463 0
277.093 503.16 179.147 510.269 0
274.724 556.082 173.618 552.923 0
504.581 232.227 595.419 303.318 1
510.111 289.1 599.368 346.761 1
513.27 351.501 602.528 394.945 1
517.22 410.742 607.267 439.968 1
523.539 475.513 615.956 489.731 1
525.118 507.899 613.586 512.638 1
198.104 256.714 167.299 538.705 2
303.949 183.254 287.362 555.292 2
498.262 236.177 517.22 543.444 2
598.578 310.427 615.956 454.976 2
255.766 233.807 232.859 547.393 2
528.278 270.142 545.656 489.731 2
