573.849 394.303
530.603 252.715 577.996 226.649 0
531.195 259.824 577.996 236.72 0
529.418 333.284 580.958 319.658 0
531.195 423.331 582.143 425.701 0
531.195 497.383 580.958 512.194 0
531.195 516.933 578.589 534.705 0
543.043 532.336 582.143 549.516 0
584.513 547.739 621.243 533.521 1
586.29 515.156 619.465 505.085 1
589.252 411.483 622.427 412.668 1
587.475 354.611 621.243 361.72 1
583.328 318.473 621.243 330.322 1
579.773 226.056 615.911 246.791 1
529.418 335.653 529.418 516.341 2
621.243 332.691 622.427 526.412 2
582.143 322.028 583.92 534.705 2
532.38 482.573 583.92 496.198 0
532.38 467.17 582.735 477.241 0
