399.402 532.271
44.8207 378.884 358.566 273.307 0
55.7769 395.817 361.554 301.195 0
44.8207 460.558 359.562 391.833 0
31.8725 544.223 309.761 516.335 0
25.8964 622.908 351.594 623.904 0
23.9044 639.841 350.598 650.797 0
369.522 273.307 677.291 435.657 1
370.518 306.175 672.311 450.598 1
366.534 391.833 675.299 501.394 1
368.526 517.331 662.351 568.127 1
362.55 622.908 687.251 627.888 1
361.554 649.801 685.259 639.841 1
53.7849 394.821 17.9283 648.805 2
362.55 299.203 354.582 663.745 2
673.307 451.594 681.275 561.155 2
519.92 381.873 528.884 640.837 2
108.566 381.873 84.6614 614.94 2
223.108 361.952 204.183 648.805 2
449.203 356.972 449.203 515.339 2
