395.626 458.847
171.968 192.445 97.4155 315.706 0
83.499 551.292 140.159 524.453 0
83.499 566.203 138.171 545.328 0
100.398 576.143 136.183 564.215 0
86.4811 519.483 141.153 485.686 0
96.4215 426.044 152.087 365.408 0
175.944 193.439 666.998 313.718 1
179.92 244.135 359.841 283.897 1
177.932 360.437 360.835 384.294 1
173.956 466.799 365.805 478.728 1
369.781 274.95 669.98 339.563 1
386.68 418.091 554.672 435.984 1
383.698 339.563 600.398 377.336 1
168.986 519.483 269.384 521.471 1
178.926 217.296 162.028 611.928 2
98.4095 332.604 80.5169 567.197 2
667.992 340.557 694.831 544.334 2
91.4513 621.869 140.159 625.845 0
250.497 644.732 317.097 651.69 0
105.368 665.606 190.855 688.469 0
