371.429 346.293
252.984 111.212 305.425 161.844 0
295.479 491.863 365.099 617.541 0
450.995 496.383 495.298 556.058 0
406.691 70.5244 474.503 107.595 0
308.137 69.6203 349.729 63.2911 1
387.703 172.694 440.145 162.749 1
366.004 617.541 494.394 559.674 1
387.703 577.758 417.541 565.099 1
388.608 354.43 431.103 340.868 1
389.512 282.098 435.624 270.344 1
389.512 468.354 424.774 454.792 1
273.779 276.673 315.371 336.347 0
305.425 168.174 330.741 471.067 2
252.08 116.637 297.288 475.588 2
477.215 113.924 448.282 482.821 2
388.608 191.682 388.608 565.099 2
