379.753 396.41
167.787 347.692 234.454 292.991 0
167.787 363.077 238.727 316.068 0
163.514 392.137 234.454 357.949 0
162.659 404.957 229.326 377.607 0
169.497 408.376 194.283 399.829 0
176.334 322.906 234.454 271.624 0
563.514 199.829 721.633 263.077 1
568.642 237.436 713.086 288.718 1
571.206 266.496 718.215 312.65 1
572.915 288.718 719.924 330.598 1
576.334 345.128 719.069 372.479 1
578.044 399.829 724.197 416.068 1
578.898 441.709 725.907 447.692 1
266.932 298.974 260.95 444.274 2
343.001 254.53 336.163 451.966 2
534.454 249.402 536.163 445.128 2
563.514 240 566.078 441.709 2
725.907 316.068 731.035 441.709 2
476.334 281.88 477.189 386.154 2
386.591 285.299 384.026 377.607 2
662.659 296.41 667.787 445.128 2
328.471 275.043 324.197 433.162 2
163.514 356.239 160.095 422.906 2
177.189 439.145 210.522 440 0
172.061 371.624 235.309 334.017 0
