409.351 383.783
289.015 154.305 468.119 77.8129 0
290.88 175.761 469.985 102.067 0
291.813 341.805 476.515 289.567 0
299.276 485.462 482.112 452.813 0
300.209 535.835 493.306 508.783 0
301.142 247.589 463.455 189.753 0
482.112 106.731 519.425 141.246 1
487.709 194.417 525.022 225.201 1
493.306 262.514 531.552 289.567 1
496.104 339.94 536.216 363.261 1
501.701 407.104 541.813 425.761 1
506.366 469.604 543.679 482.664 1
511.03 518.111 547.41 527.44 1
300.209 564.753 486.776 543.298 0
515.694 544.231 548.343 549.828 1
288.082 155.238 285.283 588.074 2
473.716 75.9472 501.701 543.298 2
520.358 124.455 551.142 531.171 2
