375.242 409.671
254.352 110.832 170.213 220.116 0
244.681 195.938 186.654 260.735 0
235.977 274.275 166.344 342.94 0
237.911 324.565 160.542 389.362 0
228.24 448.356 162.476 483.172 0
222.437 510.251 145.068 539.265 0
201.161 569.246 140.232 583.752 0
203.095 593.424 141.199 603.095 0
229.207 470.6 147.002 507.35 0
197.292 607.93 141.199 614.7 0
415.861 93.4236 604.449 169.826 1
417.795 155.319 601.547 223.017 1
412.959 205.609 614.12 272.34 1
416.828 253.965 614.12 311.992 1
415.861 309.091 617.021 359.381 1
417.795 361.315 617.021 402.901 1
414.894 436.75 625.725 467.698 1
423.598 502.515 622.824 522.824 1
438.104 587.621 618.956 596.325 1
441.973 624.371 592.843 628.24 1
167.311 226.886 133.462 632.108 2
253.385 120.503 226.306 593.424 2
406.19 104.062 410.058 594.391 2
610.251 174.661 645.068 590.522 2
