419.848 438.956
166.637 278.405 298.747 216.02 0
164.802 323.36 295.077 271.983 0
160.215 409.598 293.242 372.901 0
161.132 452.717 295.995 425.194 0
155.628 500.424 294.16 482.993 0
156.545 512.35 279.481 498.589 0
166.637 353.635 289.573 311.433 0
439.114 218.772 614.343 317.855 1
391.407 219.69 619.848 340.791 1
395.995 258.222 621.683 364.644 1
400.582 298.589 624.435 389.415 1
396.912 335.286 625.352 414.185 1
399.664 374.736 628.105 439.873 1
400.582 416.02 629.022 465.561 1
401.499 442.626 630.857 482.075 1
327.187 278.405 382.233 258.222 0
327.187 388.497 384.985 373.818 0
327.187 467.396 387.738 457.304 0
329.022 508.681 388.655 501.341 0
329.022 533.451 389.573 528.864 0
163.884 284.827 153.793 491.249 2
300.582 217.855 298.747 481.158 2
387.738 204.093 395.995 558.222 2
620.765 325.194 636.362 484.827 2
