480.537 334.401
353.796 224.373 486.805 177.019 0
327.334 270.334 493.072 222.98 0
345.44 285.655 495.858 250.139 0
309.228 396.379 557.835 392.201 0
309.228 408.217 556.443 411.699 0
470.091 445.822 557.835 455.571 0
651.15 121.309 712.431 180.501 1
650.454 210.446 708.253 251.532 1
650.454 239.694 707.557 275.209 1
645.579 394.986 704.771 402.646 1
646.972 412.396 704.075 417.967 1
574.548 196.518 572.459 326.045 2
720.091 218.106 715.913 433.287 2
298.782 248.747 292.515 394.29 2
644.883 216.713 642.097 332.312 2
