360.035 415.727
161.972 266.079 497.359 178.931 0
139.965 289.846 517.606 197.417 0
161.972 306.572 498.239 230.867 0
169.894 332.98 499.12 267.839 0
167.254 380.515 500 330.339 0
166.373 429.811 500.88 393.72 0
169.014 484.389 505.282 466.783 0
208.627 539.846 438.38 539.846 0
220.07 552.17 438.38 555.691 0
522.007 190.375 624.12 233.508 1
520.246 214.142 606.514 249.353 1
528.169 269.6 598.592 292.487 1
527.289 330.339 602.993 349.706 1
529.049 394.6 598.592 406.044 1
524.648 465.903 612.676 472.945 1
537.852 479.987 614.437 483.508 1
150.528 325.938 147.887 476.466 2
516.725 249.353 520.246 456.22 2
609.155 282.804 615.317 450.058 2
