292.347 426.984
99.4898 358.106 489.031 306.831 0
104.082 384.892 486.735 351.984 0
103.316 426.218 484.439 417.8 0
105.612 452.239 486.735 462.188 0
104.082 480.555 487.5 508.106 0
482.908 268.565 529.592 294.586 1
498.98 307.596 552.551 329.79 1
500.51 531.065 552.551 509.637 1
390.306 593.82 495.153 546.371 1
134.694 506.575 387.245 534.127 0
98.7245 374.177 98.7245 490.504 2
498.214 332.851 499.745 542.545 2
531.888 342.035 533.418 475.963 2
130.867 368.82 131.633 494.331 2
2.29592 513.463 94.898 502.749 1
288.52 379.535 289.286 479.024 2
446.939 335.912 450.765 525.708 2
