375.875 423.529
435.399 79.2827 251.867 256.862 0
439.367 223.132 238.97 366.981 0
231.034 539.6 434.407 469.164 0
222.105 574.322 452.264 508.846 0
214.169 614.997 454.248 571.346 0
335.2 621.941 439.367 607.061 0
241.946 420.553 428.454 307.457 0
438.375 81.2669 533.613 155.672 1
444.327 209.243 554.446 274.719 1
461.193 317.378 546.51 357.061 1
465.161 413.608 556.431 445.354 1
459.208 508.846 583.216 534.64 1
250.875 260.83 219.129 569.362 2
436.391 89.2034 454.248 521.743 2
538.573 188.41 581.232 559.441 2
278.653 720.156 392.74 722.14 0
466.153 652.695 543.534 655.672 1
485.002 729.084 544.526 726.108 1
261.788 667.576 392.74 657.656 0
460.2 569.362 577.264 584.243 1
262.78 357.061 240.954 587.219 2
362.978 283.648 359.01 562.418 2
403.653 257.854 408.613 517.775 2
474.089 678.489 547.502 678.489 1
455.24 734.045 259.804 730.076 0
218.137 686.426 395.716 682.457 0
228.058 624.918 437.383 590.195 0
467.145 735.037 606.034 732.061 1
