-16.819 69.7694
303.108 312 373.492 262.64 0
373.492 262.64 393.601 276.351 1
302.194 385.126 357.038 356.79 0
295.795 461.908 357.952 440.885 0
299.452 485.674 356.124 469.221 0
299.452 583.481 343.327 579.824 0
376.234 452.768 400 456.424 1
378.062 514.925 402.742 518.581 1
380.804 561.543 405.484 565.199 1
395.43 279.093 402.742 502.128 2
362.523 273.609 361.609 460.994 2
303.108 312 292.139 479.276 2
380.804 590.793 408.227 589.879 1
379.89 535.949 403.656 538.691 1
377.148 410.72 397.258 416.205 1
