483.241 423.324
328.992 383.455 550.561 370.383 0
308.731 413.52 547.293 403.716 0
329.646 435.742 548.6 433.782 0
596.313 371.037 642.064 388.684 1
596.313 404.37 637.489 415.481 1
596.313 440.971 638.143 445.546 1
598.273 412.867 632.914 420.71 1
597.62 384.108 636.182 397.18 1
548.6 382.148 549.581 458.618 2
639.45 393.912 640.757 454.043 2
527.032 383.455 527.032 460.579 2
370.169 391.952 369.319 451.429 2
711.999 401.102 713.306 450.122 2
767.555 403.063 768.208 451.429 2
647.947 402.409 736.182 399.795 0
743.371 389.337 755.136 399.795 1
