349.803 359.252
246.457 140.748 360.63 97.4409 0
223.819 184.055 376.378 129.921 0
226.772 260.827 377.362 214.567 0
235.63 364.173 384.252 331.693 0
236.614 404.528 388.189 376.969 0
413.78 401.575 459.055 420.276 1
416.732 424.213 453.15 437.008 1
406.89 332.677 454.134 364.173 1
401.969 289.37 451.181 327.756 1
399.016 246.063 437.402 286.417 1
395.079 205.709 443.307 259.843 1
392.126 169.291 437.402 226.378 1
409.843 355.315 455.118 382.874 1
236.614 322.835 377.362 288.386 0
382.283 151.575 405.906 414.37 2
443.307 237.205 464.961 462.598 2
222.835 187.992 223.819 244.094 2
226.772 259.843 229.724 414.37 2
344.882 173.228 361.614 405.512 2
267.126 215.551 275.984 408.465 2
241.535 207.677 243.504 292.323 2
