435.047 422.505
238.374 225.832 411.564 106.458 0
266.75 243.444 412.542 147.554 0
272.62 281.605 414.499 199.413 0
300.996 453.816 415.478 421.526 0
300.018 539.922 410.585 525.245 0
262.836 602.544 384.166 604.501 0
419.391 107.436 618.022 216.047 1
423.305 149.511 596.495 236.595 1
420.37 199.413 605.301 284.54 1
440.918 272.798 582.797 329.55 1
418.413 421.526 618.022 466.536 1
421.348 524.266 618.022 544.814 1
440.918 606.458 605.301 604.501 1
266.75 250.294 255.986 450.881 2
415.478 153.425 416.456 512.524 2
606.28 285.519 622.914 522.309 2
