326.304 429.346
329.108 273.271 629.108 303.178 1
326.304 339.626 632.846 359.252 1
359.014 352.71 430.042 356.449 1
459.014 357.383 525.37 362.056 1
550.603 362.991 610.416 367.664 1
318.827 502.243 578.641 499.439 1
359.949 424.673 425.37 424.673 1
184.248 388.224 318.827 280.748 0
254.341 353.645 184.248 403.178 0
181.444 487.29 303.874 522.804 0
189.855 472.336 313.22 475.14 0
195.463 432.15 302.94 393.832 0
183.313 388.224 181.444 485.421 2
318.827 275.14 314.155 520.935 2
328.173 274.206 324.435 520.935 2
630.977 304.112 633.781 480.748 2
551.538 363.925 552.472 496.635 2
459.949 362.056 459.014 512.523 2
430.042 362.056 429.108 511.589 2
359.949 358.318 359.014 511.589 2
609.482 375.14 611.351 480.748 2
525.37 372.336 525.37 493.832 2
256.211 360.187 254.341 503.178 2
232.846 374.206 232.846 497.57 2
216.958 386.355 215.089 492.897 2
202.94 393.832 202.005 489.159 2
192.659 398.505 190.79 484.486 2
284.248 369.533 284.248 511.589 2
