394.828 591.954
132.375 553.64 174.521 522.989 0
224.329 487.548 317.241 420.498 0
216.667 526.82 312.452 471.264 0
121.839 638.889 173.563 620.69 0
205.172 613.985 301.916 579.502 0
218.582 692.529 280.843 691.571 0
221.456 665.709 288.506 657.088 0
229.119 556.513 301.916 522.031 0
224.329 585.249 298.084 555.556 0
347.893 413.793 400.575 435.824 1
423.563 473.18 465.709 488.506 1
344.061 470.307 401.533 488.506 1
340.23 578.544 404.406 589.08 1
471.456 603.448 525.096 612.069 1
461.877 630.268 521.264 636.973 1
552.874 640.805 591.188 644.636 1
553.831 615.9 588.314 620.69 1
529.885 493.295 558.621 504.789 1
537.548 533.525 568.199 544.061 1
334.483 616.858 406.322 624.521 1
332.567 650.383 412.069 655.172 1
561.494 663.793 586.398 663.793 1
466.667 680.077 516.475 681.992 1
349.808 689.655 392.912 688.697 1
354.598 454.981 390.996 467.433 1
420.69 349.617 453.257 366.858 1
382.375 371.648 414.943 350.575 0
382.375 349.617 413.027 326.628 0
416.858 325.671 452.299 345.785 1
451.341 351.533 473.372 588.123 2
564.368 500.958 598.851 668.582 2
351.724 499.042 346.935 575.67 2
393.87 515.326 394.828 583.333 2
277.012 515.326 267.433 593.87 2
252.107 538.314 240.613 606.322 2
216.667 487.548 203.257 549.808 2
193.678 520.115 178.352 587.165 2
302.874 522.031 296.169 578.544 2
