429.528 397.638
373.425 65.9449 274.016 146.654 0
375.394 123.031 266.142 201.772 0
375.394 230.315 255.315 304.134 0
376.378 375.984 242.52 433.071 0
397.047 473.425 217.913 524.606 0
362.598 562.008 230.709 585.63 0
404.921 50.1968 547.638 205.709 1
420.669 129.921 535.827 247.047 1
429.528 239.173 558.465 347.441 1
435.433 331.693 565.354 419.291 1
414.764 472.441 611.614 547.244 1
446.26 633.858 611.614 643.701 1
255.315 183.071 212.992 567.913 2
394.094 47.2441 410.827 651.575 2
567.323 281.496 626.378 643.701 2
