312.833 305
232.833 167.5 336.167 135.833 0
231.167 192.5 337.833 162.5 0
227 235.833 329.5 212.5 0
216.167 315 351.167 299.167 0
250.333 258.333 290.333 250.833 0
339.5 125.833 382.833 167.5 1
360.333 232.5 372 239.167 1
377 303.333 406.167 313.333 1
379.5 384.167 404.5 383.333 1
380.333 436.667 406.167 429.167 1
380.333 345.833 404.5 350 1
377 307.5 379.5 432.5 2
313.667 312.5 316.167 428.333 2
300.333 183.333 302 240 2
381.167 197.5 383.667 295 2
233.667 387.5 307.833 385.833 0
252.833 362.5 294.5 360 0
252 331.667 294.5 327.5 0
221.167 352.5 332 345 0
240.333 405.833 313.667 408.333 0
381.167 375 407.833 376.667 1
381.167 337.5 406.167 343.333 1
232.833 262.5 236.167 396.667 2
250.333 261.667 254.5 411.667 2
291.167 251.667 295.333 425.833 2
341.167 139.167 380.333 174.167 1
