475.681 482.171
126.844 349.419 312.891 279.651 0
120.061 381.395 311.922 322.287 0
122.968 403.682 311.922 350.388 0
114.247 490.891 297.387 471.512 0
79.3636 538.372 303.201 534.496 0
486.34 277.713 753.782 410.465 1
483.433 320.349 759.596 437.597 1
498.937 470.543 770.255 512.209 1
499.906 496.705 640.41 511.24 1
403.976 476.357 486.34 487.016 1
309.015 486.047 400.1 477.326 0
115.216 505.426 300.294 489.922 0
121.03 359.109 109.402 492.829 2
81.3016 394.961 70.6427 498.643 2
403.976 194.38 403.007 456.008 2
476.65 237.984 480.526 465.698 2
758.627 419.186 769.286 509.302 2
641.379 364.922 650.1 493.798 2
