400.391 462.5
143.555 313.086 386.719 125.586 0
162.109 324.805 383.789 163.672 0
156.25 355.078 389.648 199.805 0
165.039 394.141 375.977 276.953 0
165.039 441.016 375.977 343.359 0
162.109 485.938 378.906 406.836 0
163.086 532.813 380.859 478.125 0
146.484 585.547 405.273 549.414 0
184.57 638.281 388.672 634.375 0
397.461 130.469 680.664 248.633 1
398.438 198.828 669.922 294.531 1
424.805 275 659.18 344.336 1
426.758 339.453 666.016 396.094 1
429.688 405.859 671.875 447.852 1
430.664 476.172 676.758 501.563 1
410.156 547.461 703.125 556.25 1
434.57 633.398 650.391 621.68 1
157.227 366.797 149.414 571.875 2
418.945 236.914 431.641 529.883 2
288.086 306.25 288.086 550.391 2
632.813 314.063 660.156 548.438 2
671.875 324.805 699.219 539.648 2
