457.968 404.875
208.782 296.569 400.15 249.338 0
208.782 319.37 396.893 278.654 0
209.596 352.758 431.095 312.041 0
205.525 385.331 432.723 353.572 0
206.339 421.162 430.28 396.732 0
203.082 432.563 428.652 413.019 0
321.16 444.777 430.28 438.263 0
333.375 458.621 427.837 455.364 0
342.332 482.237 427.837 483.051 0
605.362 252.595 725.069 291.683 1
598.847 297.383 725.883 332.4 1
574.417 330.771 725.883 365.787 1
571.16 371.488 727.512 400.804 1
574.417 398.361 728.326 423.605 1
662.365 453.735 766.6 464.321 1
663.179 479.794 767.414 487.123 1
206.339 299.012 200.639 452.921 2
433.538 289.24 431.095 479.794 2
570.345 297.383 569.531 411.39 2
726.697 292.497 729.14 426.048 2
397.707 360.901 393.635 507.481 2
