342.091 414.677
196.808 178.828 386.431 74.111 0
204.355 225.054 381.714 137.319 0
213.789 292.036 359.072 229.771 0
205.299 383.545 357.186 332.602 0
200.582 432.602 355.299 389.205 0
196.808 483.545 352.469 448.639 0
213.789 525.054 376.054 497.696 0
226.997 585.432 376.054 572.224 0
239.261 702.413 375.11 708.073 0
415.676 78.828 503.412 171.281 1
412.846 139.205 494.921 215.62 1
426.997 235.432 494.921 291.092 1
426.054 334.488 495.865 378.828 1
426.054 448.639 502.469 482.602 1
415.676 498.639 516.62 531.658 1
423.223 574.111 510.959 592.979 1
410.959 681.658 510.959 680.715 1
412.846 709.017 514.733 699.583 1
207.186 203.356 176.997 480.715 2
384.544 149.583 381.714 489.205 2
408.129 154.3 409.072 493.922 2
496.808 231.658 510.959 511.847 2
360.959 161.847 353.412 475.054 2
264.733 206.186 245.865 455.243 2
