334.201 380.377
135.144 323.774 498.352 31.3208 0
133.257 348.302 499.295 101.132 0
499.295 166.226 131.37 370.943 0
493.635 311.509 124.767 420.943 0
490.804 392.642 122.88 447.358 0
485.144 483.208 123.823 474.717 0
517.22 34.1509 660.616 236.981 1
520.993 103.962 663.446 278.491 1
520.05 164.34 668.163 316.226 1
520.993 232.264 670.993 354.906 1
522.88 307.736 674.767 396.415 1
524.767 389.811 676.654 437.925 1
136.087 322.83 115.333 468.113 2
215.333 270 198.352 432.264 2
313.446 195.472 302.125 365.283 2
452.125 86.9811 453.069 396.415 2
510.616 43.5849 521.937 388.868 2
574.767 135.094 591.748 409.623 2
625.71 199.245 641.748 423.774 2
