356.725 421.832
86.7446 287.329 295.322 163.548 0
115.984 316.569 236.842 255.166 0
124.756 334.113 230.994 285.38 0
175.439 345.809 229.045 323.392 0
199.805 361.404 231.969 348.733 0
38.9864 497.856 224.172 481.287 0
38.9864 510.526 222.222 501.754 0
37.037 519.298 235.867 511.501 0
430.799 174.269 685.185 283.431 1
466.862 253.216 679.337 329.24 1
469.786 280.507 677.388 348.733 1
465.887 319.493 698.83 383.821 1
467.836 389.669 703.704 433.528 1
469.786 468.616 708.577 488.109 1
472.71 503.704 710.526 514.425 1
472.71 556.335 710.526 550.487 1
236.842 243.47 229.045 437.427 2
281.676 209.357 274.854 426.706 2
406.433 229.825 405.458 438.402 2
464.912 254.191 466.862 451.072 2
652.047 370.175 654.971 447.173 2
702.729 365.302 711.501 492.982 2
