298.311 465.806
30.9568 411.397 558.161 304.456 0
32.833 422.654 554.409 325.093 0
82.5516 455.487 544.09 404.831 0
90.9944 466.745 542.214 424.531 0
93.8086 485.506 546.904 458.302 0
86.3039 523.968 459.662 523.03 0
88.1801 539.915 393.058 554.925 0
563.79 305.394 684.803 360.741 1
562.852 324.155 681.989 373.874 1
572.233 402.955 687.617 432.035 1
576.923 422.654 685.741 444.23 1
577.861 456.426 689.493 469.559 1
607.88 475.187 710.131 484.568 1
30.9568 413.274 27.2045 474.249 2
560.976 309.146 569.418 525.844 2
686.679 371.06 696.06 496.763 2
264.54 402.017 263.602 433.911 2
