326.055 372.052
26.9287 285.444 137.555 242.504 0
26.9287 316.739 136.827 279.622 0
29.8399 324.017 135.371 291.266 0
46.5793 341.485 132.46 319.651 0
28.3843 408.443 139.738 398.253 0
27.6565 417.904 141.921 409.17 0
101.892 446.288 142.649 446.288 0
31.2955 422.999 135.371 416.448 0
146.288 241.048 349.345 275.255 1
141.921 278.894 350.073 306.55 1
443.959 291.994 549.491 310.189 1
446.87 320.378 553.857 334.207 1
152.111 318.923 346.434 337.118 1
448.326 346.579 545.852 356.041 1
146.288 398.981 350.073 401.892 1
147.016 446.288 344.25 439.738 1
218.341 219.214 348.617 246.143 1
441.776 263.61 519.651 281.077 1
149.927 252.693 152.111 394.614 2
446.143 273.799 448.326 398.981 2
299.127 310.917 300.582 397.525 2
102.62 304.367 104.076 400.437 2
553.857 342.213 556.041 400.437 2
401.019 284.716 403.202 400.437 2
