454.034 445.403
202.627 256.848 346.154 182.739 0
200.75 370.356 339.587 322.514 0
236.398 434.146 338.649 410.694 0
241.088 476.36 360.225 458.537 0
234.522 488.555 361.163 471.67 0
254.221 537.336 319.887 535.46 0
384.615 185.553 624.766 340.338 1
384.615 259.662 630.394 387.242 1
450.281 348.781 635.084 425.704 1
384.615 389.118 639.775 464.165 1
385.553 473.546 628.518 509.193 1
366.792 461.351 639.775 504.503 1
383.677 496.998 644.465 523.265 1
192.308 264.353 181.051 434.146 2
354.597 199.625 349.906 455.722 2
636.023 353.471 648.218 478.236 2
582.552 319.7 597.561 492.308 2
429.644 609.568 640.713 596.435 1
483.114 592.683 636.961 585.178 1
