494.731 427.597
290.225 246.488 437.539 250.821 0
305.823 322.744 405.477 327.944 0
312.756 444.928 408.076 451.861 0
310.156 405.067 405.477 411.133 0
568.388 282.016 526.794 336.609 1
563.189 486.523 526.794 558.446 1
568.388 523.784 525.927 620.838 1
535.459 213.559 517.262 230.023 1
462.669 210.959 437.539 228.29 1
327.487 225.691 290.225 246.488 1
486.932 344.408 489.532 622.571 2
525.927 345.275 526.794 557.58 2
429.74 333.143 436.672 566.245 2
281.56 278.55 293.692 485.656 2
570.121 290.682 568.388 487.389 2
302.357 287.216 402.877 291.549 0
290.225 255.153 434.073 259.486 0
