403.5 379.533
113.554 312.208 287.701 204.488 0
183.572 229.623 290.394 154.219 0
117.144 359.785 262.566 290.664 0
121.633 469.3 258.975 448.654 0
117.144 368.761 257.18 305.925 0
293.984 153.321 678.186 258.348 1
296.677 202.693 680.879 290.664 1
339.765 286.176 672.8 339.138 1
350.537 300.539 673.697 349.013 1
355.026 410.952 672.8 425.314 1
113.554 313.106 111.758 467.504 2
335.277 289.767 338.868 439.677 2
271.543 290.664 275.133 442.37 2
686.265 296.05 698.832 448.654 2
638.688 351.706 645.87 445.063 2
210.502 333.752 213.195 471.095 2
168.311 353.501 169.209 477.379 2
418.76 327.469 423.248 432.496 2
