321.637 387.605
13.8889 326.201 53.3626 317.43 0
56.2865 319.623 179.094 297.693 0
182.749 291.845 247.076 280.149 0
55.5556 335.704 169.591 316.699 0
57.7485 355.441 179.094 337.897 0
66.5205 362.751 170.322 349.593 0
70.1754 383.95 164.474 375.178 0
70.9064 434.389 165.205 435.12 0
55.5556 451.201 177.632 454.856 0
57.7485 468.014 175.439 472.4 0
372.807 280.88 421.784 293.307 1
425.439 297.693 533.626 325.47 1
436.404 317.43 535.819 339.359 1
437.866 341.552 533.626 357.269 1
437.134 449.739 512.427 445.354 1
438.596 465.821 510.965 458.511 1
371.345 315.237 372.807 454.125 2
248.538 316.699 248.538 456.318 2
54.0936 353.979 54.4591 451.201 2
580.409 372.985 581.506 438.044 2
