313.91 382.484
109.023 236.807 345.865 169.138 0
126.88 256.544 334.586 202.973 0
129.699 293.198 332.707 249.025 0
125.94 327.973 332.707 291.318 0
125 364.627 331.767 336.431 0
152.256 419.138 294.173 410.679 0
140.977 516.882 337.406 524.401 0
353.383 167.258 514.098 252.785 1
355.263 202.973 496.241 269.702 1
354.323 248.085 496.241 305.416 1
356.203 290.379 496.241 337.371 1
359.023 337.371 494.361 373.085 1
356.203 427.597 388.158 430.416 1
429.511 431.356 465.226 435.115 1
430.451 465.191 464.286 465.191 1
352.444 380.604 385.338 385.303 1
355.263 488.687 384.398 488.687 1
124.06 249.965 113.722 482.108 2
338.346 198.273 333.647 514.063 2
500.94 262.183 501.88 392.822 2
392.857 266.882 391.917 505.604 2
428.571 383.424 427.632 494.326 2
280.075 267.822 274.436 516.882 2
166.353 290.379 158.835 489.627 2
