478.022 404.579
304.029 354.212 595.238 297.436 0
305.861 380.769 592.491 338.645 0
311.355 396.337 591.575 365.201 0
334.249 411.905 592.491 389.927 0
351.648 428.388 588.828 417.399 0
367.216 444.872 591.575 440.293 0
600.733 296.52 711.538 324.908 1
606.227 337.729 707.875 358.791 1
607.143 364.286 707.875 380.769 1
607.143 389.927 706.96 403.663 1
606.227 417.399 708.791 427.473 1
713.37 327.656 715.201 441.209 2
592.491 312.088 592.491 427.473 2
435.897 341.392 434.066 434.799 2
303.114 356.044 301.282 417.399 2
