378.788 420.677
270.945 220.143 378.788 200.535 0
273.619 259.358 375.223 241.533 0
275.401 369.875 374.332 357.397 0
274.51 442.068 377.897 432.264 0
296.791 482.175 377.005 475.936 0
330.66 513.369 377.897 510.695 0
348.485 530.303 379.679 528.521 0
426.025 237.077 460.784 284.314 1
429.59 301.248 463.458 338.681 1
431.373 344.92 464.349 377.005 1
434.046 435.829 468.806 458.111 1
434.938 483.066 468.806 496.435 1
437.611 515.151 469.697 524.064 1
437.611 532.086 469.697 539.216 1
270.053 221.925 270.053 272.727 2
262.923 286.096 261.141 444.742 2
422.46 207.665 434.046 465.241 2
461.676 259.358 474.153 542.781 2
409.091 219.251 418.004 475.045 2
