397.086 455.738
207.65 320.947 306.011 272.678 0
221.311 330.965 303.279 292.714 0
214.025 410.2 309.654 381.056 0
199.454 436.612 310.565 409.29 0
218.579 461.202 304.189 444.809 0
447.177 250.82 615.665 296.357 1
441.712 291.803 615.665 332.787 1
442.623 408.379 632.058 435.701 1
459.016 465.756 603.825 480.328 1
460.838 570.492 606.557 574.135 1
461.749 601.457 585.61 600.546 1
446.266 381.967 617.486 408.379 1
219.49 334.608 214.936 413.843 2
357.923 301.822 356.102 372.86 2
438.069 282.696 438.069 376.503 2
622.04 351.002 623.862 413.843 2
624.772 464.845 625.683 568.67 2
316.94 309.107 314.208 377.413 2
352.459 512.204 349.727 595.082 2
