323.723 395.881
79.0774 325.865 556.837 269.852 0
161.45 365.404 406.096 348.105 0
181.219 478.254 280.89 482.372 0
467.051 452.718 567.545 452.718 0
465.404 343.163 564.25 338.221 0
164.745 386.82 399.506 375.288 0
570.84 287.15 580.725 317.628 1
570.016 316.804 587.315 356.343 1
576.606 440.362 584.844 442.01 1
589.786 454.366 577.43 458.484 1
589.786 469.193 576.606 478.254 1
582.372 364.58 568.369 336.573 1
77.43 333.278 70.8402 456.837 2
464.58 325.865 464.58 454.366 2
565.898 320.099 569.193 459.308 2
