391.189 438.523
142.686 206.986 261.448 141.118 0
132.706 348.703 232.506 309.78 0
126.718 440.519 240.49 410.579 0
153.664 500.399 240.49 487.425 0
170.63 533.333 243.484 525.349 0
166.638 625.15 245.48 624.152 0
139.692 407.585 234.502 378.643 0
138.694 289.82 249.472 238.922 0
269.432 140.12 562.845 309.78 1
285.4 211.976 552.865 347.705 1
266.438 624.152 579.811 612.176 1
259.452 645.11 571.827 625.15 1
142.686 207.984 121.728 495.409 2
264.442 138.124 263.444 199.002 2
565.839 313.772 573.823 416.567 2
