-0.3875 0.11875
-0.28375 0.0975 -0.19625 0.105 0
-0.26875 0.17875 -0.19625 0.1875 0
-0.3625 0.05625 -0.3425 0.19 2
-0.43125 0.06875 -0.40875 0.20125 2
-0.05125 0.11625 -0.045 0.275 2
0.02 0.11875 0.02375 0.28 2
0.31375 0.11125 0.3 0.2525 2
-0.19875 0.1025 -0.175 0.34875 2
-0.045 0.13875 0.02 0.145 0
0.38875 0.01625 0.46 0.02 0
0.02 0.12 0.04 0.08125 1
0.095 0.00125 0.08 0.04375 1
0.33375 0.115 0.37125 0.19125 1
0.4175 -0.0175 0.46375 0.02 1
-0.125 0.105 -0.08625 0.065 1
-0.10125 0.15125 -0.13375 0.19125 1
0.065 0.09375 0.04875 0.1375 1
0.385 0.1175 0.43625 0.2 1
0.37125 0.19625 0.35875 0.28375 2
0.43625 0.2025 0.42375 0.28 2
0.43375 -0.165 0.41375 -0.0225 2
-0.085 -0.00375 -0.08 0.1375 2
-0.2975 0.09 -0.28375 0.1925 2
-0.04375 0.185 0.02125 0.1925 0
0.32375 0.075 0.4825 0.08375 0
