-0.19375 0.0525
-0.31375 -0.18 -0.16375 -0.17875 0
-0.23625 0.3025 -0.11625 0.3025 0
-0.145 -0.245 -0.16125 -0.18 1
-0.2925 -0.24125 -0.3175 -0.18125 1
-0.0925 -0.07 -0.09875 0.01125 1
-0.07375 0.07625 -0.0775 0.15 1
-0.25875 0.33375 -0.12 0.33375 0
-0.28875 -0.24375 -0.14625 -0.245 0
-0.315 -0.13875 -0.23875 0.31 2
-0.15125 -0.1375 -0.11125 0.31 2
0.04 -0.06625 0.03875 0.25875 2
0.24375 -0.0925 0.20625 0.26 2
0.225 -0.1975 0.24625 -0.10875 1
0.0425 -0.19375 0.0425 -0.11 1
0.05 -0.11 0.23875 -0.11125 0
-0.24375 0.23875 -0.12375 0.23875 0
-0.31125 -0.1375 -0.15375 -0.13875 0
