0.29 0.12625
-0.19875 -0.14875 -0.11375 -0.12125 0
0.3175 0.03375 0.46625 0.08125 0
-0.015 0.065 0.09875 0.11375 0
0.37125 0.11625 0.46875 0.08625 1
0.37 0.17 0.45125 0.14375 1
0.17875 0.08 0.30375 0.04875 1
-0.11125 -0.1025 -0.03 -0.11375 1
-0.10625 0.05875 -0.03 0.0425 1
-0.4475 0.175 -0.21875 0.12375 1
-0.47375 0.08625 -0.25625 0.04625 1
-0.2 -0.14875 -0.1975 0.085 2
-0.0275 -0.13125 -0.02625 0.11 2
0.46 0.09 0.45125 0.18 2
0.37125 0.1175 0.36375 0.20875 2
0.215 0.11875 0.21 0.20875 2
-0.11 -0.10875 -0.1075 0.12875 2
